              precision    recall  f1-score   support

           .       0.99      1.00      1.00     29688
         ADJ       0.92      0.91      0.91     16835
         ADP       0.95      0.97      0.96     28941
         ADV       0.91      0.90      0.90     11307
        CONJ       0.99      0.99      0.99      7624
         DET       0.96      0.99      0.97     27466
        NOUN       0.96      0.95      0.96     55140
         NUM       0.97      0.92      0.94      2908
        PRON       0.96      0.98      0.97      9906
         PRT       0.90      0.90      0.90      6091
        VERB       0.97      0.95      0.96     36670
           X       0.73      0.49      0.58       270

    accuracy                           0.96    232846
   macro avg       0.93      0.91      0.92    232846
weighted avg       0.96      0.96      0.96    232846
